0000
0000
0000
1110
ID: 14 Frequency: 53889
0 0 0 1
0000
0000
0001
1100
ID: 28 Frequency: 60559
2 2 0 1
0000
0000
0100
1010
ID: 74 Frequency: 120963
2 3 1 0
0000
0000
1000
1100
ID: 140 Frequency: 377265
1 3 0 2
0000
0000
1000
1110
ID: 142 Frequency: 1091
3 1 2 0
0000
0000
1100
1010
ID: 202 Frequency: 1135
2 3 1 0
0000
0000
1100
1100
ID: 204 Frequency: 5102
1 1 0 0
0000
0000
1100
1110
ID: 206 Frequency: 32
1 1 2 0
0000
0010
0001
1100
ID: 540 Frequency: 114
2 3 1 0
0000
0010
1000
0010
ID: 642 Frequency: 128842
2 0 1 0
0000
0010
1000
0100
ID: 644 Frequency: 57477
3 1 2 0
0000
0010
1000
1000
ID: 648 Frequency: 248677
2 0 1 3
0000
0010
1000
1100
ID: 652 Frequency: 463
1 2 3 0
0000
0010
1001
1100
ID: 668 Frequency: 4
3 0 2 1
0000
1000
0001
1100
ID: 2076 Frequency: 802
2 1 3 0
0000
1000
0100
0110
ID: 2118 Frequency: 872
3 2 1 0
0000
1000
0100
1100
ID: 2124 Frequency: 7224
0 1 3 2
0000
1000
0100
1110
ID: 2126 Frequency: 26
0 2 3 1
0000
1000
1000
0110
ID: 2182 Frequency: 182
1 0 0 2
0000
1000
1000
1000
ID: 2184 Frequency: 427740
1 0 0 0
0000
1000
1000
1100
ID: 2188 Frequency: 7763
1 3 0 2
0000
1000
1000
1110
ID: 2190 Frequency: 6
0 1 1 3
0000
1000
1100
0110
ID: 2246 Frequency: 24
0 2 1 3
0000
1000
1100
1010
ID: 2250 Frequency: 23
1 0 2 3
0000
1000
1100
1100
ID: 2252 Frequency: 304
1 0 2 2
0000
1000
1100
1110
ID: 2254 Frequency: 3
2 1 0 3
0100
0010
0001
1000
ID: 16920 Frequency: 7
0 0 0 0
0100
0010
1000
1000
ID: 17032 Frequency: 398
0 2 1 3
0100
0010
1000
1100
ID: 17036 Frequency: 16
1 0 2 3
0100
0010
1000
1110
ID: 17038 Frequency: 1
0 0 0 3
