0000
0000
0000
1110
ID: 14 Frequency: 41935
1 1 1 0
0000
0000
0001
1100
ID: 28 Frequency: 52419
2 2 0 1
0000
0000
0100
1010
ID: 74 Frequency: 102288
0 3 2 1
0000
0000
1000
1100
ID: 140 Frequency: 297989
0 3 2 1
0000
0000
1000
1110
ID: 142 Frequency: 1000
0 3 1 2
0000
0000
1100
1010
ID: 202 Frequency: 1137
2 0 1 3
0000
0000
1100
1100
ID: 204 Frequency: 3988
0 0 1 1
0000
0000
1100
1110
ID: 206 Frequency: 25
0 0 2 1
0000
0010
0001
1100
ID: 540 Frequency: 82
2 1 3 0
0000
0010
1000
0010
ID: 642 Frequency: 149343
2 0 1 0
0000
0010
1000
0100
ID: 644 Frequency: 58607
3 1 2 0
0000
0010
1000
1000
ID: 648 Frequency: 233137
0 3 1 2
0000
0010
1000
1100
ID: 652 Frequency: 697
1 2 3 0
0000
0010
1001
1100
ID: 668 Frequency: 3
3 2 1 0
0000
1000
0001
1100
ID: 2076 Frequency: 1229
2 3 0 1
0000
1000
0100
0110
ID: 2118 Frequency: 1149
2 0 1 3
0000
1000
0100
1100
ID: 2124 Frequency: 7998
2 1 0 3
0000
1000
0100
1110
ID: 2126 Frequency: 31
2 0 1 3
0000
1000
1000
0110
ID: 2182 Frequency: 265
0 1 1 3
0000
1000
1000
1000
ID: 2184 Frequency: 343272
1 0 0 0
0000
1000
1000
1100
ID: 2188 Frequency: 7862
0 1 3 2
0000
1000
1000
1110
ID: 2190 Frequency: 16
1 0 0 2
0000
1000
1100
0110
ID: 2246 Frequency: 45
2 3 0 1
0000
1000
1100
1010
ID: 2250 Frequency: 61
1 3 0 2
0000
1000
1100
1100
ID: 2252 Frequency: 311
0 1 2 2
0000
1000
1100
1110
ID: 2254 Frequency: 4
1 2 0 3
0100
0010
0001
1000
ID: 16920 Frequency: 17
0 0 0 0
0100
0010
0001
1100
ID: 16924 Frequency: 5
1 2 3 0
0100
0010
1000
1000
ID: 17032 Frequency: 441
0 1 3 2
0100
0010
1000
1100
ID: 17036 Frequency: 27
1 0 2 3
0100
0010
1000
1110
ID: 17038 Frequency: 1
0 0 0 3
