0000
0000
0000
1110
ID: 14 Frequency: 168544
0 0 0 1
0000
0000
0001
1100
ID: 28 Frequency: 22950
2 2 0 1
0000
0000
0001
1110
ID: 30 Frequency: 124
1 1 3 0
0000
0000
0100
1010
ID: 74 Frequency: 50292
2 3 1 0
0000
0000
1000
1100
ID: 140 Frequency: 71698
2 1 3 0
0000
0000
1000
1110
ID: 142 Frequency: 3280
1 3 0 2
0000
0000
1001
0110
ID: 150 Frequency: 50
0 0 1 1
0000
0000
1100
1010
ID: 202 Frequency: 644
2 3 1 0
0000
0000
1100
1100
ID: 204 Frequency: 1925
1 1 0 0
0000
0000
1100
1110
ID: 206 Frequency: 162
1 1 3 0
0000
0001
0001
1100
ID: 284 Frequency: 36
0 3 2 1
0000
0001
0100
1100
ID: 332 Frequency: 48
0 2 3 1
0000
0001
1000
1100
ID: 396 Frequency: 48
1 3 0 2
0000
0001
1100
1110
ID: 462 Frequency: 1
3 0 2 1
0000
0010
0001
1100
ID: 540 Frequency: 206
1 2 3 0
0000
0010
0001
1110
ID: 542 Frequency: 2
3 2 0 1
0000
0010
0100
1100
ID: 588 Frequency: 92
3 0 2 1
0000
0010
0100
1110
ID: 590 Frequency: 10
3 0 0 2
0000
0010
0101
1100
ID: 604 Frequency: 4
3 0 1 2
0000
0010
1000
0010
ID: 642 Frequency: 6727
0 2 1 2
0000
0010
1000
0100
ID: 644 Frequency: 12661
3 1 2 0
0000
0010
1000
1000
ID: 648 Frequency: 15659
1 3 2 0
0000
0010
1000
1100
ID: 652 Frequency: 197
1 2 0 3
0000
0010
1001
0110
ID: 662 Frequency: 16
1 3 0 2
0000
0010
1001
1100
ID: 668 Frequency: 5
1 2 3 0
0000
0010
1100
0110
ID: 710 Frequency: 2
2 1 0 3
0000
0010
1100
1110
ID: 718 Frequency: 17
1 2 0 3
0000
1000
0001
0110
ID: 2070 Frequency: 40
1 0 3 2
0000
1000
0001
1100
ID: 2076 Frequency: 150
2 0 3 1
0000
1000
0100
0110
ID: 2118 Frequency: 267
3 1 2 0
0000
1000
0100
1100
ID: 2124 Frequency: 252
1 2 3 0
0000
1000
0100
1110
ID: 2126 Frequency: 29
3 1 2 0
0000
1000
1000
0110
ID: 2182 Frequency: 80
3 1 1 0
0000
1000
1000
1000
ID: 2184 Frequency: 4400
1 0 0 0
0000
1000
1000
1100
ID: 2188 Frequency: 406
2 1 3 0
0000
1000
1000
1110
ID: 2190 Frequency: 5
2 1 1 0
0000
1000
1100
0110
ID: 2246 Frequency: 2
0 2 1 3
0000
1000
1100
1010
ID: 2250 Frequency: 3
1 3 2 0
0000
1000
1100
1100
ID: 2252 Frequency: 12
2 1 0 0
0000
1000
1100
1110
ID: 2254 Frequency: 1
2 1 0 3
0001
1000
1000
1100
ID: 6284 Frequency: 1
0 2 3 1
0010
0010
0001
1100
ID: 8732 Frequency: 1
0 0 1 2
0010
1000
1000
1100
ID: 10380 Frequency: 1
0 2 3 1
0100
0001
0001
1100
ID: 16668 Frequency: 2
2 0 3 1
0100
0001
1000
1100
ID: 16780 Frequency: 3
2 0 3 1
0100
0010
0001
1000
ID: 16920 Frequency: 7
0 0 0 0
0100
0010
0001
1100
ID: 16924 Frequency: 2
3 2 0 1
0100
0010
0100
0010
ID: 16962 Frequency: 22
1 0 0 1
0100
0010
0100
0100
ID: 16964 Frequency: 16
2 1 0 2
0100
0010
0100
1000
ID: 16968 Frequency: 40
1 0 2 3
0100
0010
1000
1000
ID: 17032 Frequency: 33
0 1 3 2
0100
0010
1000
1100
ID: 17036 Frequency: 1
2 0 3 1
0100
0010
1100
1110
ID: 17102 Frequency: 1
2 0 1 3
0100
1000
1000
1100
ID: 18572 Frequency: 3
0 1 3 2
