0000
0000
0000
1110
ID: 14 Frequency: 1048612
0 0 0 1
0000
0000
0001
1100
ID: 28 Frequency: 2416855
0 0 2 1
0000
0000
0001
1110
ID: 30 Frequency: 1840812
0 0 2 1
0000
0000
0100
1010
ID: 74 Frequency: 740420
3 2 0 1
0000
0000
1000
1100
ID: 140 Frequency: 727549
2 0 3 1
0000
0000
1000
1110
ID: 142 Frequency: 46024
3 2 1 0
0000
0000
1001
0110
ID: 150 Frequency: 260982
2 2 0 0
0000
0000
1001
1110
ID: 158 Frequency: 36322
3 2 1 0
0000
0000
1100
1010
ID: 202 Frequency: 45135
2 3 1 0
0000
0000
1100
1100
ID: 204 Frequency: 2521
0 0 1 1
0000
0000
1100
1110
ID: 206 Frequency: 912
0 0 1 2
0000
0000
1101
1110
ID: 222 Frequency: 406
0 0 1 1
0000
0001
0001
1100
ID: 284 Frequency: 3045655
2 0 3 1
0000
0001
0001
1110
ID: 286 Frequency: 1270097
3 1 1 0
0000
0001
0100
1100
ID: 332 Frequency: 503296
2 1 3 0
0000
0001
0101
1110
ID: 350 Frequency: 23046
3 1 0 2
0000
0001
1000
1100
ID: 396 Frequency: 473234
2 0 3 1
0000
0001
1001
1110
ID: 414 Frequency: 24656
3 2 1 0
0000
0001
1100
1110
ID: 462 Frequency: 1222
0 3 2 1
0000
0010
0001
1100
ID: 540 Frequency: 39142
3 2 1 0
0000
0010
0001
1110
ID: 542 Frequency: 29319
2 3 1 0
0000
0010
0100
1100
ID: 588 Frequency: 525253
3 1 0 2
0000
0010
0100
1110
ID: 590 Frequency: 15704
2 1 1 0
0000
0010
0101
1010
ID: 602 Frequency: 374656
3 2 0 1
0000
0010
0101
1100
ID: 604 Frequency: 30402
3 1 0 2
0000
0010
0101
1110
ID: 606 Frequency: 23462
3 1 2 0
0000
0010
1000
0010
ID: 642 Frequency: 1808169
2 1 0 1
0000
0010
1000
0100
ID: 644 Frequency: 664534
3 1 2 0
0000
0010
1000
1000
ID: 648 Frequency: 652606
1 3 2 0
0000
0010
1000
1100
ID: 652 Frequency: 9097
3 0 2 1
0000
0010
1001
0110
ID: 662 Frequency: 28975
3 2 1 0
0000
0010
1001
1010
ID: 666 Frequency: 32837
3 2 0 1
0000
0010
1001
1100
ID: 668 Frequency: 1512
0 3 2 1
0000
0010
1001
1110
ID: 670 Frequency: 1269
0 3 2 1
0000
0010
1100
0110
ID: 710 Frequency: 30937
3 2 1 0
0000
0010
1100
1010
ID: 714 Frequency: 31040
1 3 0 2
0000
0010
1100
1100
ID: 716 Frequency: 6639
2 1 3 0
0000
0010
1100
1110
ID: 718 Frequency: 1203
2 3 1 0
0000
0010
1101
1110
ID: 734 Frequency: 940
3 1 2 0
0000
0011
0101
1110
ID: 862 Frequency: 9511
1 2 2 0
0000
0011
1101
1110
ID: 990 Frequency: 426
0 3 1 1
0000
1000
0001
0110
ID: 2070 Frequency: 483542
2 0 3 1
0000
1000
0001
1100
ID: 2076 Frequency: 39360
3 2 1 0
0000
1000
0001
1110
ID: 2078 Frequency: 29592
2 1 3 0
0000
1000
0100
0110
ID: 2118 Frequency: 41716
3 2 1 0
0000
1000
0100
1100
ID: 2124 Frequency: 41006
2 1 3 0
0000
1000
0100
1110
ID: 2126 Frequency: 1611
0 2 3 1
0000
1000
0101
0110
ID: 2134 Frequency: 15625
3 0 1 1
0000
1000
0101
1110
ID: 2142 Frequency: 1248
3 0 1 2
0000
1000
1000
0110
ID: 2182 Frequency: 4547
2 0 0 1
0000
1000
1000
1000
ID: 2184 Frequency: 500650
0 1 1 1
0000
1000
1000
1100
ID: 2188 Frequency: 39141
1 0 3 2
0000
1000
1000
1110
ID: 2190 Frequency: 764
2 0 0 1
0000
1000
1001
0110
ID: 2198 Frequency: 6354
2 0 3 1
0000
1000
1001
1010
ID: 2202 Frequency: 14741
0 2 1 1
0000
1000
1001
1110
ID: 2206 Frequency: 1142
3 2 1 0
0000
1000
1100
0110
ID: 2246 Frequency: 1759
3 0 1 2
0000
1000
1100
1010
ID: 2250 Frequency: 1648
1 3 0 2
0000
1000
1100
1100
ID: 2252 Frequency: 930
0 3 1 1
0000
1000
1100
1110
ID: 2254 Frequency: 218
1 0 2 3
0000
1000
1101
1110
ID: 2270 Frequency: 92
1 3 0 0
0000
1001
0101
1110
ID: 2398 Frequency: 972
3 1 0 2
0000
1001
1001
1110
ID: 2462 Frequency: 466
1 0 0 2
0000
1010
0101
0110
ID: 2646 Frequency: 22952
1 0 2 3
0000
1010
0101
1010
ID: 2650 Frequency: 2454
3 1 0 1
0000
1010
0101
1110
ID: 2654 Frequency: 935
3 1 0 2
0000
1010
1001
0110
ID: 2710 Frequency: 1151
3 1 2 0
0000
1010
1001
1100
ID: 2716 Frequency: 66
2 0 0 0
0000
1010
1001
1110
ID: 2718 Frequency: 166
0 3 1 2
0000
1010
1100
0110
ID: 2758 Frequency: 689
0 1 1 3
0000
1010
1100
1100
ID: 2764 Frequency: 1294
0 2 1 3
0000
1010
1100
1110
ID: 2766 Frequency: 75
2 0 0 1
0000
1010
1101
1110
ID: 2782 Frequency: 96
3 1 0 2
0000
1011
1101
1110
ID: 3038 Frequency: 11
0 1 1 1
0001
0001
0001
1100
ID: 4380 Frequency: 1098740
1 1 3 0
0001
0001
0001
1110
ID: 4382 Frequency: 317494
0 0 0 1
0001
0001
1000
1100
ID: 4492 Frequency: 360635
1 2 3 0
0001
0001
1001
1110
ID: 4510 Frequency: 18192
1 3 0 2
0001
0001
1100
1010
ID: 4554 Frequency: 982
3 2 0 1
0001
0001
1100
1110
ID: 4558 Frequency: 435
0 0 1 2
0001
0010
1000
1100
ID: 4748 Frequency: 6090
2 1 0 3
0001
0010
1001
1110
ID: 4766 Frequency: 773
0 3 1 2
0001
0010
1100
1010
ID: 4810 Frequency: 20780
0 3 1 2
0001
0011
0101
1110
ID: 4958 Frequency: 7319
1 2 2 0
0001
1000
1000
1100
ID: 6284 Frequency: 27793
0 1 2 3
0001
1000
1001
1110
ID: 6302 Frequency: 774
1 0 3 2
0001
1001
0101
1110
ID: 6494 Frequency: 599
3 1 2 0
0001
1001
1001
1110
ID: 6558 Frequency: 321
2 1 1 0
0001
1010
0101
1110
ID: 6750 Frequency: 649
2 3 1 0
0001
1010
1001
1110
ID: 6814 Frequency: 88
3 2 1 0
0001
1010
1100
1110
ID: 6862 Frequency: 47
1 0 0 3
0001
1010
1101
1110
ID: 6878 Frequency: 80
3 2 1 0
0010
0001
0001
1100
ID: 8476 Frequency: 26767
3 1 2 0
0010
0001
0101
1010
ID: 8538 Frequency: 497
0 0 1 1
0010
0001
1000
1100
ID: 8588 Frequency: 342458
1 2 3 0
0010
0001
1001
0110
ID: 8598 Frequency: 136059
2 2 0 0
0010
0001
1001
1010
ID: 8602 Frequency: 21625
1 3 2 0
0010
0001
1001
1110
ID: 8606 Frequency: 16954
1 3 2 0
0010
0001
1100
1010
ID: 8650 Frequency: 1045
1 3 0 2
0010
0001
1100
1100
ID: 8652 Frequency: 2321
1 1 0 0
0010
0001
1100
1110
ID: 8654 Frequency: 849
3 0 1 2
0010
0001
1101
1110
ID: 8670 Frequency: 310
0 0 1 1
0010
0010
0001
1100
ID: 8732 Frequency: 705
0 0 2 1
0010
0010
1000
1100
ID: 8844 Frequency: 6360
2 1 3 0
0010
0010
1001
0110
ID: 8854 Frequency: 22198
3 2 1 0
0010
0010
1001
1010
ID: 8858 Frequency: 22803
1 2 0 3
0010
0010
1001
1110
ID: 8862 Frequency: 858
1 3 2 0
0010
0010
1100
1010
ID: 8906 Frequency: 23382
2 3 1 0
0010
0010
1100
1100
ID: 8908 Frequency: 2517
0 0 1 2
0010
0010
1100
1110
ID: 8910 Frequency: 409
0 0 1 2
0010
0010
1101
1110
ID: 8926 Frequency: 297
1 1 3 0
0010
0011
1101
1110
ID: 9182 Frequency: 531
1 2 3 0
0010
1000
1000
1100
ID: 10380 Frequency: 29222
2 1 3 0
0010
1000
1001
1110
ID: 10398 Frequency: 774
1 3 2 0
0010
1010
1101
1110
ID: 10974 Frequency: 76
3 1 2 0
0011
0011
1101
1110
ID: 13278 Frequency: 91
2 2 0 0
0100
0001
0001
1100
ID: 16668 Frequency: 27310
3 1 2 0
0100
0001
0001
1110
ID: 16670 Frequency: 20652
3 1 2 0
0100
0001
0100
1110
ID: 16718 Frequency: 519
0 1 0 2
0100
0001
1000
1100
ID: 16780 Frequency: 26787
1 0 3 2
0100
0001
1001
1110
ID: 16798 Frequency: 864
1 3 0 2
0100
0001
1100
0110
ID: 16838 Frequency: 1035
3 0 2 1
0100
0001
1100
1010
ID: 16842 Frequency: 193
2 0 1 3
0100
0001
1100
1110
ID: 16846 Frequency: 152
2 1 0 3
0100
0010
0001
1000
ID: 16920 Frequency: 2026
0 0 0 0
0100
0010
0001
1100
ID: 16924 Frequency: 1451
0 2 3 1
0100
0010
0001
1110
ID: 16926 Frequency: 1057
3 1 0 2
0100
0010
0100
0010
ID: 16962 Frequency: 241671
1 0 0 1
0100
0010
0100
0100
ID: 16964 Frequency: 1278529
2 1 0 2
0100
0010
0100
1000
ID: 16968 Frequency: 470469
2 1 0 3
0100
0010
0101
0110
ID: 16982 Frequency: 21144
1 0 2 3
0100
0010
0101
1010
ID: 16986 Frequency: 4676
0 2 3 1
0100
0010
1000
1000
ID: 17032 Frequency: 34761
0 2 1 3
0100
0010
1000
1100
ID: 17036 Frequency: 1529
2 0 3 1
0100
0010
1000
1110
ID: 17038 Frequency: 64
0 0 0 2
0100
0010
1001
0110
ID: 17046 Frequency: 1019
3 2 0 1
0100
0010
1001
1010
ID: 17050 Frequency: 1086
1 0 2 3
0100
0010
1001
1110
ID: 17054 Frequency: 146
2 1 0 3
0100
0010
1100
0110
ID: 17094 Frequency: 1146
3 1 0 2
0100
0010
1100
1010
ID: 17098 Frequency: 1192
2 0 1 3
0100
0010
1100
1100
ID: 17100 Frequency: 1137
0 2 3 1
0100
0010
1100
1110
ID: 17102 Frequency: 140
3 1 2 0
0100
0010
1101
1110
ID: 17118 Frequency: 134
3 2 0 1
0100
0011
0101
0110
ID: 17238 Frequency: 9457
1 0 2 2
0100
0011
0101
1110
ID: 17246 Frequency: 643
3 1 0 2
0100
0011
1001
0110
ID: 17302 Frequency: 836
3 2 1 0
0100
0011
1001
1010
ID: 17306 Frequency: 61
2 1 0 0
0100
0011
1001
1110
ID: 17310 Frequency: 102
2 1 0 3
0100
0011
1100
0110
ID: 17350 Frequency: 794
2 0 1 3
0100
0011
1100
1010
ID: 17354 Frequency: 136
3 2 0 1
0100
0011
1100
1100
ID: 17356 Frequency: 393
3 0 1 1
0100
0011
1100
1110
ID: 17358 Frequency: 94
3 0 1 2
0100
0011
1101
1110
ID: 17374 Frequency: 34
2 3 0 0
0100
1000
0001
1100
ID: 18460 Frequency: 13110
1 1 2 0
0100
1000
0001
1110
ID: 18462 Frequency: 9856
1 1 2 0
0100
1000
1000
1100
ID: 18572 Frequency: 29559
1 2 3 0
0100
1000
1000
1110
ID: 18574 Frequency: 1148
1 2 3 0
0100
1000
1001
0110
ID: 18582 Frequency: 2324
0 0 1 1
0100
1000
1001
1010
ID: 18586 Frequency: 11538
1 0 2 2
0100
1000
1001
1110
ID: 18590 Frequency: 867
0 3 1 2
0100
1000
1100
1010
ID: 18634 Frequency: 1164
1 2 0 3
0100
1000
1100
1100
ID: 18636 Frequency: 320
0 0 2 2
0100
1000
1100
1110
ID: 18638 Frequency: 65
0 0 2 3
0100
1000
1101
1110
ID: 18654 Frequency: 32
0 0 2 2
0100
1001
0101
1110
ID: 18782 Frequency: 626
3 2 1 0
0100
1001
1001
1110
ID: 18846 Frequency: 640
0 2 3 1
0100
1001
1100
1110
ID: 18894 Frequency: 113
1 2 0 3
0100
1010
0101
0110
ID: 19030 Frequency: 16960
3 1 2 0
0100
1010
0101
1010
ID: 19034 Frequency: 3719
3 2 0 1
0100
1010
0101
1100
ID: 19036 Frequency: 832
1 0 3 2
0100
1010
0101
1110
ID: 19038 Frequency: 617
3 1 2 0
0100
1010
1001
0110
ID: 19094 Frequency: 828
3 2 0 1
0100
1010
1001
1010
ID: 19098 Frequency: 873
0 3 1 2
0100
1010
1001
1100
ID: 19100 Frequency: 114
0 1 3 2
0100
1010
1001
1110
ID: 19102 Frequency: 108
3 1 2 0
0100
1010
1100
0110
ID: 19142 Frequency: 881
3 0 1 2
0100
1010
1100
1010
ID: 19146 Frequency: 890
1 2 0 3
0100
1010
1100
1100
ID: 19148 Frequency: 890
1 0 3 2
0100
1010
1100
1110
ID: 19150 Frequency: 100
0 2 3 1
0100
1010
1101
1110
ID: 19166 Frequency: 72
2 3 1 0
0100
1011
1101
1110
ID: 19422 Frequency: 37
1 2 0 0
0101
0011
1001
1110
ID: 21406 Frequency: 14
0 0 0 2
0101
1001
1001
1110
ID: 22942 Frequency: 539
0 3 2 1
0101
1001
1100
1110
ID: 22990 Frequency: 35
1 1 3 0
0101
1010
0101
1110
ID: 23134 Frequency: 242
1 0 1 2
0101
1010
1001
1110
ID: 23198 Frequency: 61
0 3 1 2
0101
1010
1100
1110
ID: 23246 Frequency: 75
1 2 0 3
0110
0011
1001
1100
ID: 25500 Frequency: 24
0 0 0 0
0110
0011
1101
1110
ID: 25566 Frequency: 67
2 0 3 1
0110
1001
1001
0110
ID: 27030 Frequency: 383
0 0 0 0
0110
1001
1001
1100
ID: 27036 Frequency: 616
1 0 3 2
0110
1001
1100
1100
ID: 27084 Frequency: 320
1 1 0 0
0110
1001
1101
1110
ID: 27102 Frequency: 30
0 0 1 1
0110
1010
1001
1100
ID: 27292 Frequency: 98
2 3 0 1
0110
1010
1100
1100
ID: 27340 Frequency: 409
0 0 1 3
0110
1010
1100
1110
ID: 27342 Frequency: 12
0 0 0 3
0110
1010
1101
1110
ID: 27358 Frequency: 35
2 2 0 1
0110
1011
1101
1110
ID: 27614 Frequency: 33
2 0 0 1
0111
1011
1101
1110
ID: 31710 Frequency: 1
0 0 0 0
