688
1 2
3 4
3 5
3 6
3 7
3 8
3 9
3 10
3 11
3 12
3 13
3 14
3 15
16 17
16 18
16 19
16 20
16 21
22 4
22 5
22 23
22 24
22 25
22 26
22 27
22 10
28 29
28 30
31 32
33 34
33 35
36 37
38 39
38 40
38 41
38 42
38 43
44 5
44 45
44 20
46 5
46 45
46 47
46 20
48 4
48 49
48 50
48 51
48 52
53 54
53 55
53 56
53 57
53 58
53 59
53 60
53 11
53 61
53 62
63 5
63 23
64 2
65 66
65 2
67 66
68 69
70 71
72 71
72 73
72 74
75 76
75 77
75 78
75 79
80 81
80 82
83 84
83 85
83 86
83 87
83 88
83 89
83 90
83 91
83 92
83 93
83 94
83 95
83 96
83 97
83 98
83 99
83 100
101 83
101 102
101 103
104 100
104 103
105 106
107 37
107 108
107 109
110 111
112 1
112 28
112 31
112 47
112 113
112 55
112 114
112 29
115 116
115 47
115 113
115 55
115 117
115 114
115 118
115 119
115 120
115 121
115 122
115 123
115 124
94 83
94 101
94 102
94 125
126 127
126 128
126 41
126 129
126 130
126 131
126 132
126 133
126 134
126 135
126 136
126 137
126 138
126 139
126 140
126 141
126 142
126 143
126 144
126 85
126 89
126 145
126 125
126 146
126 147
126 148
126 149
126 150
126 151
126 152
126 153
126 154
126 155
126 156
126 157
126 158
126 159
126 160
126 161
126 162
126 163
126 164
126 57
126 58
126 165
126 166
126 167
126 168
126 169
126 170
126 171
126 172
126 173
174 5
174 175
174 176
174 177
174 178
174 179
174 180
174 181
174 182
174 183
184 185
186 187
186 188
186 189
186 190
186 84
186 85
186 86
186 87
186 88
186 89
186 90
186 83
186 101
186 91
186 92
186 93
186 116
186 102
186 94
186 95
186 191
186 125
186 146
186 192
186 96
186 97
186 98
186 99
186 103
193 71
194 195
194 196
194 197
194 66
194 198
194 54
194 199
194 200
194 201
194 202
194 203
194 204
194 79
194 205
206 207
206 195
206 141
206 208
209 141
210 211
212 213
212 214
212 215
212 216
212 217
218 76
218 77
218 219
218 220
218 221
218 222
218 223
218 224
218 225
218 226
218 227
218 228
218 229
218 230
231 232
231 233
231 234
231 235
231 236
231 237
231 238
231 239
231 240
231 241
231 242
231 243
231 244
245 231
245 246
247 248
247 217
247 249
250 251
250 252
250 253
250 254
250 255
250 256
250 257
250 258
250 26
250 259
250 215
250 247
250 260
250 261
250 262
250 263
264 265
266 267
266 268
160 95
160 156
160 157
160 158
160 269
160 270
160 161
271 163
271 272
271 164
271 273
271 274
275 276
275 277
275 278
275 196
275 279
275 280
275 281
275 282
283 284
285 286
285 287
285 17
285 288
285 289
285 290
285 291
285 292
285 293
285 294
285 295
285 296
285 297
285 298
285 299
285 300
285 301
285 302
285 303
285 304
285 305
285 306
285 307
285 308
285 309
285 310
285 311
285 312
285 313
285 314
285 315
285 316
285 317
285 318
285 319
285 320
321 135
321 322
321 323
321 324
321 325
321 106
321 29
321 249
321 326
321 30
321 32
321 327
165 56
165 57
165 58
165 328
165 59
165 329
165 330
331 48
331 66
331 332
331 47
331 115
331 206
331 210
331 333
331 334
331 335
331 336
331 51
331 337
331 338
331 339
331 340
331 341
331 342
331 343
331 344
331 345
331 346
331 347
331 348
331 349
331 350
351 48
351 332
351 334
351 51
351 339
351 343
351 344
351 345
351 346
351 347
351 348
351 349
352 353
352 354
352 200
355 37
355 109
356 357
356 358
356 359
356 360
356 196
356 361
356 332
356 362
356 176
356 363
356 364
356 365
356 366
356 221
356 222
356 223
356 367
356 368
356 333
356 369
356 370
356 124
356 371
356 372
356 205
356 373
356 228
356 374
356 375
356 343
356 376
356 230
356 377
356 378
356 379
380 357
380 358
380 359
380 360
380 196
380 332
380 362
380 176
380 363
380 364
380 365
380 366
380 221
380 222
380 223
380 367
380 368
380 333
380 369
380 370
380 124
380 371
380 372
380 205
380 373
380 228
380 374
380 375
380 343
380 376
380 377
380 379
122 381
122 382
383 384
385 108
386 387
388 389
388 390
388 24
388 391
388 392
388 393
388 25
388 394
388 395
388 386
388 396
388 397
388 10
388 398
388 399
388 400
388 401
388 402
388 403
388 404
388 405
388 406
407 408
407 409
407 410
407 411
407 412
407 413
407 414
407 415
407 416
407 417
407 32
407 418
407 419
407 420
415 409
415 410
415 411
415 416
415 417
415 419
421 422
423 424
423 425
423 20
423 161
423 426
423 427
423 217
423 428
423 429
423 172
430 217
431 56
431 426
431 427
431 217
431 428
431 429
431 432
431 96
431 97
431 433
434 5
435 436
435 437
435 438
435 439
440 353
440 5
440 322
440 6
440 441
440 442
440 443
440 151
440 9
440 249
440 444
440 445
440 446
440 447
440 448
449 450
449 451
449 81
449 452
449 453
449 454
449 279
449 455
449 456
449 457
449 458
459 460
459 6
459 441
459 257
459 258
459 47
459 156
459 440
459 461
459 327
459 462
463 464
465 381
465 335
465 382
465 336
465 466
467 232
467 468
467 231
467 246
21 469
21 231
21 246
204 353
204 354
204 265
204 360
204 198
204 199
204 470
204 200
204 471
472 185
473 474
473 475
476 477
476 478
479 480
479 481
479 482
479 483
484 195
484 480
484 481
484 483
485 195
486 234
486 215
486 32
461 23
461 487
461 2
461 20
461 217
461 21
461 240
461 108
461 109
461 32
461 488
461 489
490 52
491 492
491 493
491 196
491 494
491 495
491 496
491 497
491 368
491 224
491 498
491 124
491 79
491 499
491 318
491 500
491 501
491 502
491 503
491 504
491 505
491 506
507 147
507 150
507 341
508 18
508 47
508 215
508 192
508 341
509 20
509 192
509 109
510 5
510 23
510 47
510 113
510 20
510 215
510 109
510 341
511 460
511 512
511 469
511 513
511 20
511 514
511 515
511 270
511 516
511 315
511 316
511 517
518 23
518 519
518 520
518 514
518 521
518 217
522 514
522 515
523 514
523 515
524 23
524 63
524 514
524 515
525 460
525 47
525 526
527 7
527 381
527 382
527 528
529 530
529 531
529 487
529 532
529 323
529 533
529 267
529 512
529 219
529 534
529 535
529 536
529 537
529 538
529 2
529 539
529 540
529 541
529 521
529 542
529 543
529 268
529 544
529 545
529 546
529 37
529 547
529 548
529 549
529 550
529 429
529 551
529 552
529 553
529 554
529 555
529 556
529 557
529 558
529 559
529 560
529 561
529 562
529 374
529 563
529 326
529 32
529 375
529 564
529 565
529 566
529 567
529 568
529 569
529 570
529 571
529 572
529 573
529 574
529 575
529 576
529 577
529 349
529 578
529 579
529 580
529 581
529 582
529 583
529 584
529 585
586 587
588 589
588 14
488 32
590 20
315 591
315 592
315 593
316 512
316 469
316 18
316 20
327 36
327 17
327 18
327 19
327 20
327 547
327 594
327 21
327 595
596 23
597 532
597 323
597 512
597 219
597 534
597 598
597 540
597 521
597 599
597 600
597 545
597 546
597 37
597 550
597 553
597 554
597 313
597 555
597 556
597 558
597 560
597 561
597 562
597 374
597 601
597 375
597 564
597 565
597 566
597 567
597 568
597 569
597 570
597 571
597 572
597 576
597 577
597 349
597 578
597 579
597 580
597 602
597 584
597 585
603 604
603 216
603 605
603 606
603 607
603 608
603 609
603 610
611 28
611 354
611 487
611 198
611 71
611 47
611 113
611 147
611 20
611 231
611 29
611 612
611 613
611 614
611 615
611 21
611 313
611 616
611 204
611 563
611 326
611 617
611 618
611 32
619 99
619 100
619 103
620 4
620 487
620 322
620 323
620 6
620 253
620 254
620 24
620 621
620 25
620 47
620 233
620 218
620 157
620 234
620 215
620 247
620 250
620 622
620 623
620 235
620 261
620 27
620 185
620 10
620 398
620 624
620 236
620 625
620 238
620 21
620 626
620 627
620 240
620 241
620 628
620 629
620 630
418 106
418 512
418 513
418 494
418 631
632 492
632 493
632 633
632 196
632 494
632 495
632 361
632 634
632 635
632 636
632 497
632 637
632 150
632 222
632 368
632 224
632 498
632 638
632 124
632 639
632 640
632 641
632 642
632 79
632 205
632 227
632 499
632 643
632 318
632 500
632 501
632 644
632 645
632 503
632 504
632 505
632 646
632 506
647 71
420 417
420 419
648 649
648 650
648 651
648 652
648 405
648 653
648 654
648 655
648 656
648 657
658 131
658 133
658 135
658 137
658 322
658 323
659 127
659 660
659 661
659 128
659 129
659 130
659 151
659 153
662 323
662 85
662 86
662 88
662 90
662 92
662 93
662 99
663 6
663 441
663 442
663 664
663 665
663 9
663 549
663 124
663 462
350 141
350 480
350 666
350 667
350 7
350 197
350 66
350 54
350 470
350 668
350 669
350 670
350 671
350 672
350 162
350 673
350 674
350 203
350 11
350 675
350 676
350 677
350 678
350 205
350 679
680 198
680 71
680 47
680 113
680 335
680 336
680 341
246 231
489 28
489 210
489 20
489 381
489 382
489 681
489 682
489 321
489 612
489 683
489 426
489 427
489 217
489 432
489 684
489 685
489 108
489 109
489 30
686 66
686 232
686 468
686 424
686 687
686 464
686 335
686 336
686 688
686 341
