0000
0000
0000
1110
ID: 14 Frequency: 138083
1 1 1 0
0000
0000
0001
1100
ID: 28 Frequency: 1456
2 2 0 1
0000
0000
0001
1110
ID: 30 Frequency: 121
1 1 3 0
0000
0000
0100
1010
ID: 74 Frequency: 4498
1 3 2 0
0000
0000
1000
1100
ID: 140 Frequency: 22808
2 1 3 0
0000
0000
1000
1110
ID: 142 Frequency: 1116
1 3 0 2
0000
0000
1001
0110
ID: 150 Frequency: 32
1 1 0 0
0000
0000
1100
1010
ID: 202 Frequency: 286
1 2 0 3
0000
0000
1100
1100
ID: 204 Frequency: 1813
1 1 0 0
0000
0000
1100
1110
ID: 206 Frequency: 156
1 1 3 0
0000
0001
1000
1100
ID: 396 Frequency: 16
1 2 3 0
0000
0001
1100
1110
ID: 462 Frequency: 1
3 0 2 1
0000
0010
0001
1110
ID: 542 Frequency: 1
3 2 0 1
0000
0010
0100
1110
ID: 590 Frequency: 9
3 0 0 2
0000
0010
0101
1100
ID: 604 Frequency: 1
3 0 1 2
0000
0010
1000
0010
ID: 642 Frequency: 125
3 0 1 0
0000
0010
1000
0100
ID: 644 Frequency: 92
3 1 2 0
0000
0010
1000
1000
ID: 648 Frequency: 400
2 0 1 3
0000
0010
1000
1100
ID: 652 Frequency: 10
0 3 1 2
0000
0010
1001
0110
ID: 662 Frequency: 16
1 3 0 2
0000
0010
1100
0110
ID: 710 Frequency: 1
2 1 0 3
0000
0010
1100
1110
ID: 718 Frequency: 17
1 2 0 3
0000
1000
0001
1100
ID: 2076 Frequency: 11
0 2 3 1
0000
1000
0100
0110
ID: 2118 Frequency: 55
1 0 2 3
0000
1000
0100
1100
ID: 2124 Frequency: 17
2 1 0 3
0000
1000
0100
1110
ID: 2126 Frequency: 17
1 0 2 3
0000
1000
1000
0110
ID: 2182 Frequency: 4
0 1 1 3
0000
1000
1000
1000
ID: 2184 Frequency: 978
1 0 0 0
0000
1000
1000
1100
ID: 2188 Frequency: 102
1 0 3 2
0000
1000
1000
1110
ID: 2190 Frequency: 3
2 1 1 0
0000
1000
1100
1010
ID: 2250 Frequency: 1
1 2 0 3
0000
1000
1100
1100
ID: 2252 Frequency: 6
0 2 1 1
0000
1000
1100
1110
ID: 2254 Frequency: 1
2 1 0 3
0100
0010
1100
1110
ID: 17102 Frequency: 1
2 0 1 3
