0000
0000
0000
1110
ID: 14 Frequency: 7862
0 0 0 1
0000
0000
0001
1100
ID: 28 Frequency: 26355
0 0 2 1
0000
0000
0001
1110
ID: 30 Frequency: 24935
2 2 0 1
0000
0000
0100
1010
ID: 74 Frequency: 29285
3 1 0 2
0000
0000
1000
1100
ID: 140 Frequency: 31948
1 2 3 0
0000
0000
1000
1110
ID: 142 Frequency: 7194
0 3 2 1
0000
0000
1001
0110
ID: 150 Frequency: 13564
1 1 0 0
0000
0000
1001
1110
ID: 158 Frequency: 6997
1 3 0 2
0000
0000
1100
1010
ID: 202 Frequency: 7174
0 3 2 1
0000
0000
1100
1100
ID: 204 Frequency: 615
1 1 0 0
0000
0000
1100
1110
ID: 206 Frequency: 1142
1 1 0 2
0000
0000
1101
1110
ID: 222 Frequency: 593
0 0 1 1
0000
0001
0001
1100
ID: 284 Frequency: 54912
0 2 3 1
0000
0001
0001
1110
ID: 286 Frequency: 26110
0 2 2 1
0000
0001
0100
1100
ID: 332 Frequency: 29208
3 0 1 2
0000
0001
0101
1110
ID: 350 Frequency: 6284
3 1 0 2
0000
0001
1000
1100
ID: 396 Frequency: 32459
2 0 3 1
0000
0001
1001
1110
ID: 414 Frequency: 7541
2 1 3 0
0000
0001
1100
1110
ID: 462 Frequency: 2283
2 1 3 0
0000
0010
0001
1100
ID: 540 Frequency: 7414
3 0 1 2
0000
0010
0001
1110
ID: 542 Frequency: 6866
3 0 1 2
0000
0010
0100
1100
ID: 588 Frequency: 29163
0 2 3 1
0000
0010
0100
1110
ID: 590 Frequency: 3521
3 0 0 2
0000
0010
0101
1010
ID: 602 Frequency: 27412
3 2 0 1
0000
0010
0101
1100
ID: 604 Frequency: 6812
3 0 2 1
0000
0010
0101
1110
ID: 606 Frequency: 6440
1 2 3 0
0000
0010
1000
0010
ID: 642 Frequency: 29821
1 2 0 2
0000
0010
1000
0100
ID: 644 Frequency: 31587
3 1 2 0
0000
0010
1000
1000
ID: 648 Frequency: 35300
1 3 2 0
0000
0010
1000
1100
ID: 652 Frequency: 2499
3 0 2 1
0000
0010
1001
0110
ID: 662 Frequency: 7010
0 3 1 2
0000
0010
1001
1010
ID: 666 Frequency: 7954
3 0 1 2
0000
0010
1001
1100
ID: 668 Frequency: 2339
1 3 0 2
0000
0010
1001
1110
ID: 670 Frequency: 2292
3 0 1 2
0000
0010
1100
0110
ID: 710 Frequency: 7000
1 2 0 3
0000
0010
1100
1010
ID: 714 Frequency: 7533
2 3 1 0
0000
0010
1100
1100
ID: 716 Frequency: 2357
3 0 1 2
0000
0010
1100
1110
ID: 718 Frequency: 2197
2 1 3 0
0000
0010
1101
1110
ID: 734 Frequency: 2168
3 0 2 1
0000
0011
0101
1110
ID: 862 Frequency: 3336
3 1 1 0
0000
0011
1101
1110
ID: 990 Frequency: 1246
1 3 0 0
0000
1000
0001
0110
ID: 2070 Frequency: 29451
0 1 3 2
0000
1000
0001
1100
ID: 2076 Frequency: 8156
0 2 3 1
0000
1000
0001
1110
ID: 2078 Frequency: 7522
2 3 0 1
0000
1000
0100
0110
ID: 2118 Frequency: 7634
1 0 3 2
0000
1000
0100
1100
ID: 2124 Frequency: 8334
0 1 3 2
0000
1000
0100
1110
ID: 2126 Frequency: 2367
3 0 1 2
0000
1000
0101
0110
ID: 2134 Frequency: 3696
3 1 0 0
0000
1000
0101
1110
ID: 2142 Frequency: 2388
2 3 1 0
0000
1000
1000
0110
ID: 2182 Frequency: 1200
1 0 0 2
0000
1000
1000
1000
ID: 2184 Frequency: 11283
1 0 0 0
0000
1000
1000
1100
ID: 2188 Frequency: 9046
1 2 3 0
0000
1000
1000
1110
ID: 2190 Frequency: 1200
1 2 2 0
0000
1000
1001
0110
ID: 2198 Frequency: 2456
2 3 0 1
0000
1000
1001
1010
ID: 2202 Frequency: 4332
1 3 0 0
0000
1000
1001
1110
ID: 2206 Frequency: 2445
0 1 3 2
0000
1000
1100
0110
ID: 2246 Frequency: 2380
2 0 1 3
0000
1000
1100
1010
ID: 2250 Frequency: 2563
2 3 1 0
0000
1000
1100
1100
ID: 2252 Frequency: 1194
0 1 2 2
0000
1000
1100
1110
ID: 2254 Frequency: 2243
1 2 3 0
0000
1000
1101
1110
ID: 2270 Frequency: 1200
2 3 0 0
0000
1001
0101
1110
ID: 2398 Frequency: 2392
3 1 0 2
0000
1001
1001
1110
ID: 2462 Frequency: 1199
0 1 1 3
0000
1010
0101
0110
ID: 2646 Frequency: 6750
3 1 2 0
0000
1010
0101
1010
ID: 2650 Frequency: 1274
0 1 3 1
0000
1010
0101
1110
ID: 2654 Frequency: 2140
0 2 3 1
0000
1010
1001
0110
ID: 2710 Frequency: 2321
3 1 2 0
0000
1010
1001
1100
ID: 2716 Frequency: 686
2 0 0 0
0000
1010
1001
1110
ID: 2718 Frequency: 2202
0 3 1 2
0000
1010
1100
0110
ID: 2758 Frequency: 1223
0 1 1 3
0000
1010
1100
1100
ID: 2764 Frequency: 2425
1 2 3 0
0000
1010
1100
1110
ID: 2766 Frequency: 1048
3 1 1 0
0000
1010
1101
1110
ID: 2782 Frequency: 2182
1 3 2 0
0000
1011
1101
1110
ID: 3038 Frequency: 385
0 1 1 1
0001
0001
0001
1100
ID: 4380 Frequency: 28101
2 2 1 0
0001
0001
0001
1110
ID: 4382 Frequency: 8595
0 0 0 1
0001
0001
1000
1100
ID: 4492 Frequency: 29063
1 3 0 2
0001
0001
1001
1110
ID: 4510 Frequency: 6589
0 3 2 1
0001
0001
1100
1010
ID: 4554 Frequency: 2195
3 1 2 0
0001
0001
1100
1110
ID: 4558 Frequency: 1082
1 1 0 2
0001
0010
1000
1100
ID: 4748 Frequency: 2386
0 3 2 1
0001
0010
1001
1110
ID: 4766 Frequency: 2180
0 3 1 2
0001
0010
1100
1010
ID: 4810 Frequency: 6978
1 3 0 2
0001
0011
0101
1110
ID: 4958 Frequency: 3638
3 0 0 1
0001
1000
1000
1100
ID: 6284 Frequency: 7919
0 2 1 3
0001
1000
1001
1110
ID: 6302 Frequency: 2160
1 0 3 2
0001
1001
0101
1110
ID: 6494 Frequency: 2033
2 0 1 3
0001
1001
1001
1110
ID: 6558 Frequency: 1056
1 0 0 2
0001
1010
0101
1110
ID: 6750 Frequency: 2091
1 3 2 0
0001
1010
1001
1110
ID: 6814 Frequency: 1917
1 0 2 3
0001
1010
1100
1110
ID: 6862 Frequency: 953
0 1 1 2
0001
1010
1101
1110
ID: 6878 Frequency: 1923
1 2 0 3
0010
0001
0001
1100
ID: 8476 Frequency: 7782
1 3 2 0
0010
0001
0101
1010
ID: 8538 Frequency: 1154
0 0 1 1
0010
0001
1000
1100
ID: 8588 Frequency: 29200
1 3 0 2
0010
0001
1001
0110
ID: 8598 Frequency: 13583
0 0 1 1
0010
0001
1001
1010
ID: 8602 Frequency: 7354
1 3 2 0
0010
0001
1001
1110
ID: 8606 Frequency: 6608
0 3 2 1
0010
0001
1100
1010
ID: 8650 Frequency: 2249
3 0 2 1
0010
0001
1100
1100
ID: 8652 Frequency: 1092
1 1 0 0
0010
0001
1100
1110
ID: 8654 Frequency: 2114
3 2 1 0
0010
0001
1101
1110
ID: 8670 Frequency: 955
0 0 1 1
0010
0010
0001
1100
ID: 8732 Frequency: 1170
1 1 2 0
0010
0010
1000
1100
ID: 8844 Frequency: 2215
2 1 0 3
0010
0010
1001
0110
ID: 8854 Frequency: 7453
0 3 1 2
0010
0010
1001
1010
ID: 8858 Frequency: 7045
2 3 1 0
0010
0010
1001
1110
ID: 8862 Frequency: 1937
3 0 1 2
0010
0010
1100
1010
ID: 8906 Frequency: 7174
0 3 2 1
0010
0010
1100
1100
ID: 8908 Frequency: 1104
0 0 1 2
0010
0010
1100
1110
ID: 8910 Frequency: 1034
1 1 0 2
0010
0010
1101
1110
ID: 8926 Frequency: 953
1 1 0 3
0010
0011
1101
1110
ID: 9182 Frequency: 2203
2 3 0 1
0010
1000
1000
1100
ID: 10380 Frequency: 7880
0 1 3 2
0010
1000
1001
1110
ID: 10398 Frequency: 2244
0 1 3 2
0010
1010
1101
1110
ID: 10974 Frequency: 1874
0 1 3 2
0011
0011
1101
1110
ID: 13278 Frequency: 580
1 1 0 0
0100
0001
0001
1100
ID: 16668 Frequency: 7742
0 1 3 2
0100
0001
0001
1110
ID: 16670 Frequency: 7336
0 1 3 2
0100
0001
0100
1110
ID: 16718 Frequency: 1056
0 1 0 2
0100
0001
1000
1100
ID: 16780 Frequency: 7691
1 0 3 2
0100
0001
1001
1110
ID: 16798 Frequency: 2401
1 3 0 2
0100
0001
1100
0110
ID: 16838 Frequency: 2277
1 0 2 3
0100
0001
1100
1010
ID: 16842 Frequency: 2099
1 0 2 3
0100
0001
1100
1110
ID: 16846 Frequency: 2219
0 2 1 3
0100
0010
0001
1000
ID: 16920 Frequency: 626
0 0 0 0
0100
0010
0001
1100
ID: 16924 Frequency: 2484
3 0 1 2
0100
0010
0001
1110
ID: 16926 Frequency: 2277
2 0 1 3
0100
0010
0100
0010
ID: 16962 Frequency: 15910
1 0 0 1
0100
0010
0100
0100
ID: 16964 Frequency: 30885
1 0 2 1
0100
0010
0100
1000
ID: 16968 Frequency: 31539
0 1 3 2
0100
0010
0101
0110
ID: 16982 Frequency: 7615
0 1 3 2
0100
0010
0101
1010
ID: 16986 Frequency: 2306
0 1 3 2
0100
0010
1000
1000
ID: 17032 Frequency: 8614
1 2 0 3
0100
0010
1000
1100
ID: 17036 Frequency: 2453
2 0 3 1
0100
0010
1000
1110
ID: 17038 Frequency: 736
0 0 0 3
0100
0010
1001
0110
ID: 17046 Frequency: 2241
0 2 1 3
0100
0010
1001
1010
ID: 17050 Frequency: 2258
2 0 1 3
0100
0010
1001
1110
ID: 17054 Frequency: 2184
2 0 1 3
0100
0010
1100
0110
ID: 17094 Frequency: 2371
2 0 3 1
0100
0010
1100
1010
ID: 17098 Frequency: 2304
0 1 2 3
0100
0010
1100
1100
ID: 17100 Frequency: 2290
2 0 1 3
0100
0010
1100
1110
ID: 17102 Frequency: 2063
2 1 3 0
0100
0010
1101
1110
ID: 17118 Frequency: 2082
2 0 3 1
0100
0011
0101
0110
ID: 17238 Frequency: 3841
1 0 2 2
0100
0011
0101
1110
ID: 17246 Frequency: 2164
1 3 2 0
0100
0011
1001
0110
ID: 17302 Frequency: 2189
3 1 0 2
0100
0011
1001
1010
ID: 17306 Frequency: 1006
2 0 1 1
0100
0011
1001
1110
ID: 17310 Frequency: 2057
1 0 2 3
0100
0011
1100
0110
ID: 17350 Frequency: 2167
2 0 1 3
0100
0011
1100
1010
ID: 17354 Frequency: 2068
0 3 1 2
0100
0011
1100
1100
ID: 17356 Frequency: 1119
2 0 1 1
0100
0011
1100
1110
ID: 17358 Frequency: 2018
1 0 2 3
0100
0011
1101
1110
ID: 17374 Frequency: 1100
1 0 2 2
0100
1000
0001
1100
ID: 18460 Frequency: 3972
1 1 3 0
0100
1000
0001
1110
ID: 18462 Frequency: 3628
1 1 2 0
0100
1000
1000
1100
ID: 18572 Frequency: 7987
1 0 3 2
0100
1000
1000
1110
ID: 18574 Frequency: 2170
2 1 3 0
0100
1000
1001
0110
ID: 18582 Frequency: 1169
0 0 1 1
0100
1000
1001
1010
ID: 18586 Frequency: 3750
1 0 2 2
0100
1000
1001
1110
ID: 18590 Frequency: 2276
1 0 3 2
0100
1000
1100
1010
ID: 18634 Frequency: 2181
0 2 3 1
0100
1000
1100
1100
ID: 18636 Frequency: 584
0 0 2 2
0100
1000
1100
1110
ID: 18638 Frequency: 1041
0 0 1 3
0100
1000
1101
1110
ID: 18654 Frequency: 483
0 0 1 1
0100
1001
0101
1110
ID: 18782 Frequency: 2057
3 0 2 1
0100
1001
1001
1110
ID: 18846 Frequency: 2177
2 1 3 0
0100
1001
1100
1110
ID: 18894 Frequency: 1907
1 2 3 0
0100
1010
0101
0110
ID: 19030 Frequency: 6951
3 2 1 0
0100
1010
0101
1010
ID: 19034 Frequency: 2242
3 2 0 1
0100
1010
0101
1100
ID: 19036 Frequency: 2123
1 0 3 2
0100
1010
0101
1110
ID: 19038 Frequency: 2144
2 0 1 3
0100
1010
1001
0110
ID: 19094 Frequency: 2159
2 3 0 1
0100
1010
1001
1010
ID: 19098 Frequency: 2216
1 0 2 3
0100
1010
1001
1100
ID: 19100 Frequency: 2087
2 0 1 3
0100
1010
1001
1110
ID: 19102 Frequency: 2039
3 0 2 1
0100
1010
1100
0110
ID: 19142 Frequency: 2085
0 2 1 3
0100
1010
1100
1010
ID: 19146 Frequency: 2099
1 0 2 3
0100
1010
1100
1100
ID: 19148 Frequency: 2069
2 0 3 1
0100
1010
1100
1110
ID: 19150 Frequency: 1873
1 0 2 3
0100
1010
1101
1110
ID: 19166 Frequency: 1926
0 1 3 2
0100
1011
1101
1110
ID: 19422 Frequency: 943
3 0 1 1
0101
0011
1001
1110
ID: 21406 Frequency: 585
1 1 1 0
0101
1001
1001
1110
ID: 22942 Frequency: 2188
1 3 2 0
0101
1001
1100
1110
ID: 22990 Frequency: 1009
0 0 3 2
0101
1010
0101
1110
ID: 23134 Frequency: 1058
0 1 0 2
0101
1010
1001
1110
ID: 23198 Frequency: 1898
3 1 0 2
0101
1010
1100
1110
ID: 23246 Frequency: 1810
0 3 2 1
0110
0011
1001
1100
ID: 25500 Frequency: 528
0 0 0 0
0110
0011
1101
1110
ID: 25566 Frequency: 1937
1 2 0 3
0110
1001
1001
0110
ID: 27030 Frequency: 258
0 0 0 0
0110
1001
1001
1100
ID: 27036 Frequency: 2078
1 3 2 0
0110
1001
1100
1100
ID: 27084 Frequency: 1046
0 0 1 1
0110
1001
1101
1110
ID: 27102 Frequency: 844
1 1 0 0
0110
1010
1001
1100
ID: 27292 Frequency: 1912
0 2 3 1
0110
1010
1100
1100
ID: 27340 Frequency: 1146
0 0 2 3
0110
1010
1100
1110
ID: 27342 Frequency: 292
1 1 1 0
0110
1010
1101
1110
ID: 27358 Frequency: 960
1 1 0 2
0110
1011
1101
1110
ID: 27614 Frequency: 992
2 0 0 1
0111
1011
1101
1110
ID: 31710 Frequency: 99
0 0 0 0
