0000
0000
0000
1110
ID: 14 Frequency: 12156
1 1 1 0
0000
0000
0001
1100
ID: 28 Frequency: 181
1 1 3 0
0000
0000
0100
1010
ID: 74 Frequency: 482
3 2 0 1
0000
0000
1000
1100
ID: 140 Frequency: 3531
2 1 3 0
0000
0000
1000
1110
ID: 142 Frequency: 90
3 0 2 1
0000
0000
1100
1010
ID: 202 Frequency: 39
1 2 0 3
0000
0000
1100
1100
ID: 204 Frequency: 70
1 1 0 0
0000
0000
1100
1110
ID: 206 Frequency: 5
1 1 3 0
0000
0010
1000
0010
ID: 642 Frequency: 14
1 2 0 2
0000
0010
1000
1000
ID: 648 Frequency: 52
1 2 0 3
0000
1000
0100
1100
ID: 2124 Frequency: 4
2 1 0 3
0000
1000
1000
1000
ID: 2184 Frequency: 131
0 1 1 1
0000
1000
1000
1100
ID: 2188 Frequency: 5
1 0 3 2
