4 11124 35324 14.409955 35.016377 268.618942
4 36999 171002 134.237729 244.373565 1430.554384
4 18772 396100 39.874636 355.081223 2305.099332
4 8717 31525 9.064004 3.836396 16.591479
4 8114 26013 8.473425 4.614163 13.989903
4 688 1079 0.077555 0.000000 1.742993
4 12008 236978 45.602965 392.932669 6666.847908
4 62586 147892 458.438689 14.514054 87.648683
4 10876 39994 13.779345 4.538800 21.331010
4 36682 88328 154.155648 7.218584 49.094156
4 11402 27806 17.500477 5.116378 47.598925
4 5 5 0.046470 0.000053 0.466502
4 8846 31839 9.325455 4.219285 17.029350
4 5 5 0.044984 0.000000 0.134371
4 7115 103689 29.389799 919.226266 2265.670643
4 9877 51946 13.163156 1.755240 34.966816
4 5881 35592 4.635114 55.636047 724.569358
4 4039 88234 16.882954 249.979071 5648.805888
